(alpha, gamma, epsilon, fourier_order+1) Mean Reward averaged over 2-10 trials

(0.01, 1, 0.1, 2) -277.325
(0.001, 1, 0.01, 3) -1074.75
(0.0001, 1, 0.1, 2) -9935.275
(0.0001, 1, 0.01, 3) -6520.34166667
(0.01, 1, 0.01, 2) -282.933333333
(0.01, 1, 0.1, 3) -262.983333333
(0.001, 1, 0.1, 3) -1026.48333333
(0.0001, 1, 0.1, 3) -6280.65833333
(0.01, 1, 0.01, 3) -312.408333333
(0.001, 1, 0.1, 2) -1423.93333333
(0.001, 1, 0.01, 2) -1377.40833333
(0.0001, 1, 0.01, 2) -9240.14166667

(0.001, 1, 0.1, 5) -692.975
(0.0001, 1, 0.1, 5) -3474.225
(0.001, 1, 0.01, 4) -733.916666667
(0.001, 1, 0.1, 4) -769.758333333
(0.01, 1, 0.1, 4) -257.008333333
(0.0001, 1, 0.01, 4) -3890.49166667
(0.0001, 1, 0.1, 4) -3773.51666667
(0.01, 1, 0.01, 4) -253.408333333
(0.01, 1, 0.1, 5) -259.9
(0.001, 1, 0.01, 5) -714.716666667
(0.0001, 1, 0.01, 5) -3477.05
(0.01, 1, 0.01, 5) -247.608333333


(1.0000000000000001e-05, 1, 0.01, 7) -9093.25
(1.0000000000000001e-05, 1, 0.1, 6) -9107.6
(0.0001, 1, 0.1, 6) -3013.19166667
(0.0001, 1, 0.01, 7) -2964.94166667
(0.0001, 1, 0.01, 6) -3061.63333333
(0.001, 1, 0.1, 7) -653.075
(0.0001, 1, 0.1, 7) -2964.375
(1.0000000000000001e-05, 1, 0.01, 6) -8932.98333333
(1.0000000000000001e-05, 1, 0.1, 7) -9249.59166667
(0.001, 1, 0.1, 6) -632.408333333
(0.001, 1, 0.01, 6) -637.041666667
(0.001, 1, 0.01, 7) -679.958333333

(1.0000000000000001e-05, 1, 0.01, 9) -9692.71666667
(0.0001, 1, 0.1, 9) -2713.73333333
(0.0001, 1, 0.1, 8) -2690.15
(1.0000000000000001e-05, 1, 0.1, 9) -9184.625
(0.0001, 1, 0.01, 9) -2730.14166667
(1.0000000000000001e-05, 1, 0.01, 8) -9175.44166667
(0.001, 1, 0.1, 9) -607.675
(1.0000000000000001e-05, 1, 0.1, 8) -9320.1
(0.0001, 1, 0.01, 8) -2821.6
(0.001, 1, 0.01, 9) -617.116666667
(0.001, 1, 0.1, 8) -619.016666667
(0.001, 1, 0.01, 8) -642.766666667



(0.01, 1, 0.0001, 2)
-254.608333333
(0.01, 1, 0.001, 2)
-257.7
(0.0001, 1, 0.01, 2)
-9908.15
(0.0001, 1, 0.001, 2)
-9928.69166667

(0.01, 1, 0.01, 2)
-280.9
(0.01, 1, 0.001, 2)
-273.65

(0.001, 1, 0.0001, 4)
-717.075

(0.01, 1, 0.0001, 4)
-236.296666667

(0.005, 1, 0.0001, 4)
-310.24


(0.008, 1, 1e-05, 4)
-251.426666667


(0.008, 1, 1e-05, 6)
-248.33

(0.02, 1, 1e-05, 6)
-206.316666667

(0.03, 1, 1e-05, 6)
-177.566666667

(0.04, 1, 1e-05, 6)
-182.05

(0.05, 1, 1e-05, 6)
-188.683333333


(0.035, 1, 1e-05, 6)
-173.941666667



(0.034, 1, 1e-05, 6)
-201.185

(0.034, 1, 1e-05, 2)
-155.516666667

(0.034, 1, 1e-05, 3)
-169.34

(0.04, 1, 1e-05, 2)
-147.716666667

(0.05, 1, 1e-05, 2)
-146.683333333

(0.06, 1, 1e-05, 2)
-136.833333333

(0.07, 1, 1e-05, 2)
-133.6

(0.08, 1, 1e-05, 2)
-132.225

(0.09, 1, 1e-05, 2)
-136.92

(0.2, 1, 1e-05, 2)
-148.966666667

(0.15, 1, 1e-05, 2)
-139.426666667

(0.13, 1, 1e-05, 2)
-139.25

(0.02, 1, 0.0001, 4)
-203.303333333
(0.02, 1, 1e-05, 4)
-204.233333333
(0.03, 1, 0.0001, 4)
-212.726666667
(0.03, 1, 1e-05, 4)
-212.146666667
(0.002, 1, 0.0001, 4)
-522.38
(0.002, 1, 1e-05, 4)
-511.856666667


(0.05, 1, 0.0001, 4)
-169.146666667
(0.05, 1, 1e-05, 4)
-167.9
(0.04, 1, 0.0001, 4)
-174.803333333
(0.04, 1, 1e-05, 4)
-174.483333333
