(alpha, gamma, epsilon, fourier_order+1) Mean Reward averaged over 2-10 trials

(0.001, 1, 0.1, 5) -374.44
(0.0001, 1, 0.1, 5) -1456.5825
(0.001, 1, 0.01, 4) -355.0725
(0.001, 1, 0.1, 4) -363.755
(0.01, 1, 0.1, 4) -192.0425
(0.0001, 1, 0.01, 4) -1461.9725
(0.0001, 1, 0.1, 4) -1534.1975
(0.01, 1, 0.01, 4) -181.2
(0.01, 1, 0.1, 5) -204.1125
(0.001, 1, 0.01, 5) -364.6725
(0.0001, 1, 0.01, 5) -1456.8075
(0.01, 1, 0.01, 5) -190.315
(0.01, 1, 0.1, 2) -200.3175
(0.001, 1, 0.01, 3) -398.285
(0.0001, 1, 0.1, 2) -3520.15
(0.0001, 1, 0.01, 3) -2187.805
(0.01, 1, 0.01, 2) -170.44
(0.01, 1, 0.1, 3) -190.63
(0.001, 1, 0.1, 3) -419.35
(0.0001, 1, 0.1, 3) -2254.9425
(0.01, 1, 0.01, 3) -179.185
(0.001, 1, 0.1, 2) -534.385
(0.001, 1, 0.01, 2) -545.105
(0.0001, 1, 0.01, 2) -3564.47
(1.0000000000000001e-05, 1, 0.01, 7) -4804.53
(1.0000000000000001e-05, 1, 0.1, 6) -4929.47
(0.0001, 1, 0.1, 6) -1350.3775
(0.0001, 1, 0.01, 7) -1323.5725
(0.0001, 1, 0.01, 6) -1355.6
(0.001, 1, 0.1, 7) -331.7975
(0.0001, 1, 0.1, 7) -1318.01
(1.0000000000000001e-05, 1, 0.01, 6) -5025.33
(1.0000000000000001e-05, 1, 0.1, 7) -4841.365
(0.001, 1, 0.1, 6) -333.6625
(0.001, 1, 0.01, 6) -323.1525
(0.001, 1, 0.01, 7) -321.71

(1.0000000000000001e-05, 1, 0.01, 9) -4575.7775
(0.0001, 1, 0.1, 9) -1216.525
(0.0001, 1, 0.1, 8) -1231.1
(1.0000000000000001e-05, 1, 0.1, 9) -4606.885
(0.0001, 1, 0.01, 9) -1215.0425
(1.0000000000000001e-05, 1, 0.01, 8) -4544.17
(0.001, 1, 0.1, 9) -335.3425
(1.0000000000000001e-05, 1, 0.1, 8) -4619.83
(0.0001, 1, 0.01, 8) -1220.41
(0.001, 1, 0.01, 9) -332.285
(0.001, 1, 0.1, 8) -336.1375
(0.001, 1, 0.01, 8) -331.55



(0.01, 1, 1e-05, 2)
-168.673
(0.02, 1, 1e-05, 2)
-137.518
(0.03, 1, 1e-05, 2)
-140.976
(0.04, 1, 1e-05, 2)
-141.688
(0.025, 1, 1e-05, 2)
-140.688
(0.015, 1, 1e-05, 2)
-148.927
(0.015, 1, 1e-05, 2)
-178.4214
(0.02, 1, 5e-06, 2)
-137.856
(0.02, 1, 1e-06, 2)
-137.782
(0.02, 1, 1e-05, 2)
-139.191
(0.02, 1, 0.0001, 2)
-137.529
(0.02, 1, 0.001, 2)
-138.438
(0.02, 1, 0.01, 2)
-155.222
(0.02, 1, 0.1, 2)
-169.56


(0.02, 1, 0.01, 3)
-164.527
(0.02, 1, 0.001, 3)
-172.727
(0.02, 1, 0.0001, 3)
-189.584
(0.02, 1, 1e-05, 3)
-181.704
(0.03, 1, 0.01, 3)
-178.167
(0.03, 1, 0.001, 3)
-186.589
(0.03, 1, 0.0001, 3)
-176.49
(0.03, 1, 1e-05, 3)
-166.966
(0.01, 1, 0.01, 3)
-173.404
(0.01, 1, 0.001, 3)
-191.796
(0.01, 1, 0.0001, 3)
-196.358
(0.01, 1, 1e-05, 3)
-192.008
